x,y,lin,col
10.0,8.04,1,1
8.0,6.95,1,1
13.0,7.58,1,1
9.0,8.81,1,1
11.0,8.33,1,1
14.0,9.96,1,1
6.0,7.24,1,1
4.0,4.26,1,1
12.0,10.84,1,1
7.0,4.82,1,1
5.0,5.68,1,1
10.0,9.14,1,2
8.0,8.14,1,2
13.0,8.74,1,2
9.0,8.77,1,2
11.0,9.26,1,2
14.0,8.10,1,2
6.0,6.13,1,2
4.0,3.10,1,2
12.0,9.13,1,2
7.0,7.26,1,2
5.0,4.74,1,2
10.0,7.46,2,1
8.0,6.77,2,1
13.00,12.74,2,1
9.00,7.11,2,1
11.00,7.81,2,1
14.0,8.84,2,1
6.0,6.08,2,1
4.0,5.39,2,1
12.0,8.15,2,1
7.0,6.42,2,1
5.0,5.73,2,1
8.0,6.58,2,2
8.0,5.76,2,2
8.0,7.71,2,2
8.0,8.84,2,2
8.0,8.47,2,2
8.0,7.04,2,2
8.0,5.25,2,2
19.0,12.50,2,2
8.0,5.56,2,2
8.0,7.91,2,2
8.0,6.89,2,2
